	积分流强A*h	  流强mA	  寿命h 	压强pa  	流强*寿命	压强/流强
	3.617720634	17.24967406	2.010693197	2.94E-07	34.68380228	1.71E-08 第一阶段 20140211-20141111
	4.26014545	13.6605654	2.008798175	2.52E-07	27.44131885	1.84E-08
	4.667181995	21.9040216	2.039586967	3.19E-07	44.67515699	1.45E-08
	4.750506286	25.6802 	2.009101273	2.91E-07	51.59412252	1.13E-08
	5.481926179	25.8786348	2.044966314	4.05E-07	52.92093641	1.56E-08
	5.720495595	24.7586834	2.036489503	3.70E-07	50.42079886	1.49E-08
	6.784586238	27.0007488	2.199189121	3.51E-07	59.37975302	1.30E-08
	7.71682844	27.511308	2.069398993	4.03E-07	56.93187307	1.46E-08
	8.512379342	31.5216114	2.233974339	3.18E-07	70.41847099	1.01E-08
	8.897578737	28.716084	2.515763457	2.81E-07	72.24287475	9.80E-09
	14.974998	57.5621542	2.014284715	5.37E-07	115.9465674	9.33E-09
	18.6237502	28.6868662	3.489789544	4.21E-07	100.1111257	1.47E-08
	19.18879109	63.3265658	2.367156793	4.29E-07	149.9039104	6.78E-09
	25.60132887	34.3329768	4.593693497	2.64E-07	157.7151723	7.68E-09
	26.96354009	78.9351406	2.202985403	3.29E-07	173.8929626	4.17E-09
	27.69858134	68.9281596	2.580159942	3.04E-07	177.8456763	4.41E-09
	28.9797704	141.3249884	2.067688741	4.24E-07	292.2160873	3.00E-09
	37.21080323	41.1820356	4.459917433	2.69E-07	183.6684785	6.54E-09
	40.19499064	64.3751078	2.973201061	3.02E-07	191.4001388	4.70E-09
	45.50091425	91.1088972	3.56514899	2.85E-07	324.8167928	3.13E-09
	46.61170268	100.3136762	2.290352993	3.10E-07	229.7537286	3.09E-09
	48.75380371	48.0580652	4.19432661	2.25E-07	201.5712217	4.68E-09
	54.22862175	129.8430358	3.047792237	3.16E-07	395.7345965	2.44E-09
	55.69158076	71.9305672	3.351770909	2.33E-07	241.0947826	3.24E-09
	57.82254678	246.238278	2.154419527	4.33E-07	530.5005545	1.76E-09
	61.19140551	148.5605242	2.11182708	3.33E-07	313.734138	2.24E-09
	63.00259331	138.2608594	2.785333762	2.82E-07	385.1026397	2.04E-09
	63.44420672	33.0760464	8.730118896	1.66E-07	288.7578177	5.02E-09
	66.98836209	220.913412	2.071467378	3.80E-07	457.6149263	1.72E-09
	71.20412223	154.8979518	2.544111276	3.13E-07	394.0776258	2.02E-09
	77.98220645	90.2828264	3.395770417	2.07E-07	306.5797511	2.29E-09
	78.93499645	259.630964	2.550114499	3.47E-07	662.0886857	1.34E-09
	81.63350928	192.1969168	2.71504532	2.66E-07	521.8233395	1.39E-09
	82.98107643	262.367292	2.864748869	3.02E-07	751.616403	1.15E-09
	84.50150745	132.6290122	3.129637331	2.03E-07	415.0807078	1.53E-09
	86.88704233	110.0136482	3.01869794	1.93E-07	332.0979732	1.76E-09
	87.28092211	35.3998898	10.18064295	1.28E-07	360.3936386	3.61E-09
	90.03701228	120.523007	2.016543463	2.50E-07	243.039882	2.07E-09
	92.80626029	65.4487554	5.954779484	1.66E-07	389.7329059	2.53E-09
	94.03740174	241.640788	2.294288243	3.10E-07	554.3936188	1.28E-09
	97.96297114	152.8384772	2.751351427	2.76E-07	420.5123624	1.81E-09
	103.1273645	310.269108	2.115232206	3.78E-07	656.2912099	1.22E-09
	104.2021439	154.2006068	2.797034488	2.16E-07	431.3044152	1.40E-09
	107.0266969	189.8538754	2.203893976	2.64E-07	418.4178123	1.39E-09
	108.4450228	148.8640066	3.454131412	2.18E-07	514.1958413	1.46E-09
	109.3097005	135.8157818	2.452442625	2.16E-07	333.0804124	1.59E-09
	110.8302014	158.6482138	3.876875696	2.11E-07	615.0594043	1.33E-09
	112.976548	141.9249278	2.983713728	2.44E-07	423.4633554	1.72E-09
	113.6533268	274.637096	2.944581576	2.84E-07	808.6913329	1.03E-09
	114.605971	140.5464782	4.010328696	1.83E-07	563.6375746	1.30E-09
	115.405277	180.487664	2.557230027	2.29E-07	461.5484738	1.27E-09
	116.8672573	103.6872496	3.635130568	1.77E-07	376.9166906	1.71E-09
	118.6566707	231.631878	2.916637392	2.43E-07	675.5861966	1.05E-09
	119.5721799	205.61795	2.038668559	2.74E-07	419.1868499	1.33E-09
	120.2569408	184.7308268	3.466728939	2.92E-07	640.4117032	1.58E-09
	121.9819386	82.6373112	3.674009204	1.61E-07	303.6102419	1.95E-09
	123.2810434	167.353538	4.188092572	2.00E-07	700.8921094	1.19E-09
	124.6175116	223.468388	3.5947891	2.25E-07	803.3217253	1.01E-09
	126.7346808	83.4124518	5.931760326	1.47E-07	494.7826723	1.76E-09
	127.9241595	165.2073514	3.327724877	2.98E-07	549.7646131	1.80E-09
	130.611502	176.2271582	2.938840982	3.89E-07	517.9035946	2.21E-09
	131.2062917	77.95611	3.738459084	1.75E-07	291.4357276	2.25E-09
	131.7462827	181.1354032	3.649524484	1.82E-07	661.0580889	1.00E-09
	133.2322133	187.7662152	3.871829788	1.95E-07	726.9988252	1.04E-09
	134.6294759	153.2037244	2.831852126	1.70E-07	433.8502927	1.11E-09
	136.2984204	173.8604768	3.50994668	2.06E-07	610.2410032	1.19E-09
	138.7253072	95.733324	2.157060962	1.96E-07	206.5026159	2.05E-09
	140.4734058	200.092374	4.115560993	2.13E-07	823.4923695	1.06E-09
	141.4978408	119.6641052	5.812416472	1.55E-07	695.5376162	1.30E-09
	145.19104	149.1627806	2.09658594	3.84E-07	312.7325886	2.57E-09
	146.8809177	49.234853	6.485294444	1.11E-07	319.3025186	2.26E-09
	147.3321062	215.933056	3.211895995	2.29E-07	693.5545178	1.06E-09
	148.5153084	141.4183074	3.465894596	1.58E-07	490.1409474	1.12E-09
	150.976154	121.835351	4.165631168	1.70E-07	507.5211355	1.39E-09
	156.1685948	178.6721414	4.104608771	2.01E-07	733.3792388	1.12E-09
	160.8645476	181.4808792	3.154349798	2.53E-07	572.4541746	1.39E-09
	162.3203267	218.419958	3.040218447	2.67E-07	664.0443856	1.22E-09
	164.0806717	217.244346	3.409908543	2.04E-07	740.7833513	9.40E-10
	165.4997592	131.2260482	3.812524311	1.74E-07	500.3024991	1.32E-09
	166.2639189	239.617412	3.213379446	2.29E-07	769.9816666	9.55E-10
	170.267118	128.793803	4.447444753	1.66E-07	572.8033234	1.29E-09
	173.0746669	179.7812286	3.624939752	2.35E-07	651.6961221	1.31E-09
	174.0986375	185.4261518	3.581335156	2.36E-07	664.0731963	1.27E-09
	176.08874	182.76945	3.5174354	2.14E-07	642.8797334	1.17E-09
	180.2932832	186.1647184	3.906647323	2.35E-07	727.2798989	1.26E-09
	183.8639361	131.1876626	4.336859524	1.67E-07	568.942464	1.27E-09
	187.5908871	232.506876	2.316178754	2.00E-07	538.5274863	8.62E-10
	190.0138504	303.827088	2.970839734	2.30E-07	902.6215854	7.58E-10
	191.8024681	267.855574	2.140719954	4.40E-07	573.403772	1.64E-09
	193.2222366	131.8598104	3.767623882	1.53E-07	496.7981707	1.16E-09
	195.2208818	199.512964	2.448969987	4.30E-07	488.6012608	2.15E-09
	196.6024554	145.4667472	3.503799662	3.32E-07	509.6863397	2.28E-09
	198.092884	188.4860882	4.569814538	1.85E-07	861.3464661	9.81E-10
	199.1780001	36.5152958	14.10578895	1.08E-07	515.0770558	2.95E-09
	200.6536348	163.670013	3.718689861	1.67E-07	608.6380179	1.02E-09
	206.8714509	214.397282	3.634950996	1.99E-07	779.3236138	9.27E-10
	208.8484701	178.17839	4.845962608	1.62E-07	863.4458155	9.10E-10
	210.8844785	158.8252876	5.470573983	1.56E-07	868.8654861	9.83E-10
	212.6208123	198.5970474	4.565036792	1.70E-07	906.6028281	8.58E-10
	214.0592475	148.79551	4.184229971	1.42E-07	622.5946326	9.57E-10
	216.1711025	153.632937	6.422049287	1.50E-07	986.6382936	9.76E-10
	219.3588812	260.31586	3.889439697	1.81E-07	1012.48284	6.96E-10
	222.1350398	223.051396	3.241078941	1.67E-07	722.9271823	7.48E-10
	223.6100509	151.509806	5.126652934	1.40E-07	776.7381915	9.23E-10
	226.4327315	198.280874	4.164134295	1.72E-07	825.6681874	8.70E-10
	228.222938	238.118828	4.097488529	1.90E-07	975.6891664	7.98E-10
	229.1915754	235.290084	4.113968468	1.71E-07	967.9759865	7.27E-10
	230.8601945	55.52385	11.13438178	1.07E-07	618.2237439	1.92E-09
	233.4923859	186.151378	4.776180962	1.44E-07	889.0926677	7.74E-10
	236.3797126	197.768191	5.377276695	1.59E-07	1063.454284	8.06E-10
	238.1517017	213.512362	4.893377455	1.69E-07	1044.796579	7.93E-10
	241.4406807	176.4134494	4.956254696	1.37E-07	874.3499869	7.79E-10
	243.0951165	155.2074654	5.688105515	1.31E-07	882.8364399	8.41E-10
	245.0100825	173.8009056	5.455957026	1.34E-07	948.250272	7.72E-10
	247.003929	166.607881	5.757924053	1.35E-07	959.3155254	8.10E-10
	250.1050829	129.8088686	6.661857465	1.15E-07	864.7681803	8.84E-10
	250.9317234	282.333462	3.984021767	1.62E-07	1124.822658	5.73E-10
	256.5923167	181.8515054	4.055196482	1.36E-07	737.443585	7.48E-10
	258.3376205	197.0773606	4.70205873	1.41E-07	926.6693238	7.16E-10
	259.4250055	48.655369	12.74918328	1.04E-07	620.3162169	2.14E-09
	260.5202548	275.315264	2.648301249	2.28E-07	729.1177574	8.27E-10
	260.787503	215.964072	2.736260223	2.07E-07	590.9338998	9.57E-10
	263.3507605	178.8494916	6.12624193	1.35E-07	1095.675255	7.56E-10
	265.0049944	261.339818	3.356892466	1.66E-07	877.2896661	6.36E-10
	266.9320786	277.609654	4.109749747	1.69E-07	1140.906205	6.07E-10
	269.2144291	177.2338078	6.19268673	1.34E-07	1097.55345	7.58E-10
	270.9988214	220.794982	4.87647274	1.52E-07	1076.700711	6.88E-10
	272.8664143	210.382076	4.91626028	1.45E-07	1034.293044	6.87E-10
	274.7600717	137.6711074	6.388899292	1.30E-07	879.5668406	9.47E-10
	277.8178131	177.4243472	5.08398343	1.32E-07	902.0224412	7.42E-10
	279.6742683	286.894028	4.191831488	1.48E-07	1202.61142	5.16E-10
	282.4882137	176.047389	4.597479285	1.33E-07	809.3742242	7.53E-10
	285.8928993	184.8953412	2.791092666	2.00E-07	516.0600308	1.08E-09
	287.3952106	190.3570824	4.907009139	1.42E-07	934.0839429	7.45E-10
	289.3304219	247.34126	2.542095301	1.46E-07	628.7650549	5.91E-10
	299.5605786	165.516759	7.275463046	1.26E-07	1204.211064	7.63E-10
	300.3178545	199.0965388	3.013183502	1.29E-07	599.9144059	6.49E-10
	302.9721552	178.827391	7.01001311	1.30E-07	1253.582355	7.27E-10
	305.0999928	188.9068988	6.540174489	1.43E-07	1235.48408	7.55E-10
	306.3299187	312.786848	2.974735137	1.74E-07	930.4580271	5.57E-10
	313.5290977	280.676734	4.489550272	1.49E-07	1260.112308	5.30E-10
	318.8938185	200.698134	6.056102175	1.36E-07	1215.448406	6.76E-10
	320.6772984	68.5383944	13.0121281	9.37E-08	891.8303674	1.37E-09
	322.595486	108.74558	9.385912792	1.08E-07	1020.67653	9.93E-10
	323.8098937	264.328434	4.009549135	1.47E-07	1059.837844	5.57E-10
	326.375076	160.1553086	6.387193367	1.30E-07	1022.942925	8.09E-10
	327.2722295	152.3566186	6.493319962	1.30E-07	989.3002729	8.53E-10
	328.8098841	164.6252184	6.440386078	1.32E-07	1060.249965	7.99E-10
	331.2502469	202.738194	6.420872398	1.34E-07	1301.756074	6.60E-10
	332.7505382	129.9111768	8.603414718	1.15E-07	1117.679731	8.84E-10
	334.1116392	214.278726	5.70142676	1.38E-07	1221.694463	6.44E-10
	335.4630253	138.527741	7.704927944	1.19E-07	1067.346263	8.58E-10
	338.4482116	142.8827724	6.929429423	1.19E-07	990.0960871	8.31E-10
	340.4287784	127.1241534	8.209178637	1.14E-07	1043.584884	8.95E-10
	342.5302061	71.0630164	12.46247494	9.79E-08	885.6210612	1.38E-09
	343.945227	110.2995872	8.783523499	1.11E-07	968.8190161	1.01E-09
	345.5790817	157.328342	7.202487639	1.21E-07	1133.155439	7.66E-10
	346.8183077	145.8071706	7.911995743	1.17E-07	1153.625713	8.03E-10
	348.5690681	90.184162	11.62935944	1.03E-07	1048.784036	1.14E-09
	349.6831877	135.4708026	8.285853835	1.14E-07	1122.491269	8.42E-10
	350.6401503	184.0402714	6.421605286	1.30E-07	1181.83398	7.04E-10
	351.9744111	159.8181928	7.468316079	1.23E-07	1193.572779	7.71E-10
	353.0072287	163.082386	6.926540933	1.25E-07	1129.596822	7.69E-10
	354.5590229	164.0617882	7.163620331	1.25E-07	1175.276361	7.64E-10
	355.5833809	158.2756752	7.373849462	1.24E-07	1167.101002	7.85E-10
	356.7055664	144.4854096	7.937926258	1.20E-07	1146.914527	8.33E-10
	358.9200288	121.2048954	8.234040369	1.22E-07	998.0060017	1.00E-09
	365.4652309	143.017501	7.387750446	1.32E-07	1056.577607	9.21E-10
	366.866457	175.6486976	6.605625899	1.43E-07	1160.269586	8.11E-10
	367.6427323	216.831744	4.539771931	1.60E-07	984.3666652	7.37E-10
	369.7155251	160.5092756	7.040249922	1.36E-07	1130.025415	8.50E-10
	370.8989985	132.1705702	7.863288822	1.31E-07	1039.295367	9.88E-10
	372.9977462	109.9393936	8.363299427	1.21E-07	919.4560675	1.10E-09
	374.2667615	186.729891	6.122177759	1.43E-07	1143.193586	7.67E-10
	376.2046357	182.8586086	6.096132228	1.38E-07	1114.730257	7.55E-10
	377.6966085	101.95044	9.062043753	1.19E-07	923.879348	1.16E-09
	379.8044516	100.628753	10.27393323	1.13E-07	1033.853089	1.12E-09
	380.7364524	204.5709	4.959251918	2.03E-07	1014.518628	9.92E-10
	382.2201019	132.964135	7.49348496	1.30E-07	996.3647459	9.76E-10
	386.7155868	92.5601046	10.33793097	1.21E-07	956.8799718	1.30E-09
	388.922496	121.7065998	8.176749703	1.13E-07	995.1644038	9.29E-10
	391.7228863	179.4672224	6.208352411	1.40E-07	1114.195763	7.77E-10
	394.8989197	129.8299232	7.817422127	1.15E-07	1014.935314	8.88E-10
	397.7704603	126.6800692	7.284647877	1.19E-07	922.8196972	9.38E-10
	403.6323339	108.0092074	7.704911851	1.22E-07	832.2014222	1.13E-09
	405.2694383	150.0912794	7.719824101	1.21E-07	1158.678276	8.07E-10
	406.8213383	196.3495946	6.315879769	1.29E-07	1240.120432	6.58E-10
	408.4467652	176.7523724	7.304566497	1.21E-07	1291.099458	6.86E-10
	409.6421446	143.4086948	8.147989446	1.12E-07	1168.492532	7.80E-10
	411.022339	255.609898	4.529109955	1.53E-07	1157.685334	5.97E-10
	
	422.8120368	34.2333982	5.861553201	6.00E-08	200.6608848	1.91E-09 第二阶段 20141127-20150322
	423.0116412	35.033479	6.591011041	5.79E-08	230.9060469	1.86E-09
	423.2127444	40.7874436	5.847935267	5.92E-08	238.5223299	1.60E-09
	423.522722	27.2203064	7.104395411	5.06E-08	193.3838199	2.40E-09
	425.0180432	24.8829514	11.75391458	4.94E-08	292.4720853	2.62E-09
	426.5099627	43.1161528	6.096665483	5.96E-08	262.8647605	1.51E-09
	426.7792093	28.2402944	9.591787845	5.15E-08	270.8749126	2.31E-09
	426.9704242	43.75734	7.321480967	5.49E-08	320.368532	1.49E-09
	428.8338467	34.5245998	10.37763519	3.73E-08	358.2837017	1.89E-09
	430.0758282	58.9957634	5.625944233	4.42E-08	331.9068749	1.11E-09
	430.6292941	31.4138792	10.57045349	3.28E-08	332.058949	2.08E-09
	432.1994402	39.4582492	9.502326538	3.67E-08	374.9451685	1.65E-09
	432.5678401	50.414443	6.99812917	3.92E-08	352.8067841	1.29E-09
	434.0374826	44.1907368	7.494062224	3.72E-08	331.1681313	1.48E-09
	435.1557128	33.5442944	9.677122939	3.46E-08	324.6122608	1.94E-09
	436.9405832	26.0766926	13.06146087	3.12E-08	340.5997	2.50E-09
	439.0704477	26.0070328	13.27686758	2.94E-08	345.2919306	2.51E-09
	440.8557949	32.5221944	9.915076964	3.26E-08	322.4600605	2.01E-09
	442.8603833	52.7147348	7.970027704	3.87E-08	420.1378967	1.24E-09
	443.1441921	48.1103658	7.868679616	3.51E-08	378.5650547	1.36E-09
	444.6232139	69.8136428	5.875077908	4.40E-08	410.1605905	9.34E-10
	445.037129	75.2299472	5.496791085	4.47E-08	413.5233031	8.67E-10
	447.1000264	73.8176566	6.388866113	4.60E-08	471.6111248	8.84E-10
	447.5072635	130.786884	4.018167738	5.38E-08	525.5236379	4.99E-10
	449.648449	50.7276578	7.933854004	3.82E-08	402.4658309	1.29E-09
	450.609447	91.303836	6.500706652	4.70E-08	593.539454	7.14E-10
	453.283547	61.5147918	11.24305975	3.84E-08	691.6144797	1.06E-09
	454.1732139	114.1590672	6.961371903	5.28E-08	794.7037228	5.71E-10
	455.9820279	86.0806828	9.119211443	4.49E-08	784.9879476	7.58E-10
	456.9086814	73.3629696	10.20080947	4.15E-08	748.3616751	8.89E-10
	457.7319992	99.5928722	7.763251584	4.64E-08	773.1645229	6.55E-10
	458.6324523	111.0115566	7.4571906	4.97E-08	827.8343364	5.88E-10
	460.7261645	86.643543	8.947974799	4.44E-08	775.2842393	7.53E-10
	461.4684857	100.7346458	8.187471974	4.65E-08	824.7620893	6.47E-10
	463.516876	94.1766122	9.43183488	4.54E-08	888.2582558	6.93E-10
	464.5601138	134.8926974	7.127074549	5.10E-08	961.3903105	4.83E-10
	465.2744262	103.6741008	9.426738648	4.59E-08	977.3086529	6.29E-10
	467.0986041	112.5443524	8.255568608	4.77E-08	929.1176227	5.80E-10
	468.8516607	93.5719854	9.813906413	4.27E-08	918.3067076	6.97E-10
	469.4869652	111.6091656	8.238631274	4.83E-08	919.5067622	5.84E-10
	470.5581708	124.8779716	7.601989022	5.02E-08	949.3209692	5.22E-10
	471.1266962	138.7013578	7.162329817	5.39E-08	993.4248706	4.70E-10
	477.4946286	120.462562	8.926796498	4.57E-08	1075.344777	5.41E-10
	478.3588978	75.1770374	11.86538887	3.72E-08	892.0047831	8.68E-10
	479.2794368	107.1795524	8.990522284	4.56E-08	963.6001543	6.09E-10
	479.865436	125.2776156	8.847740946	4.76E-08	1108.423889	5.21E-10
	480.8502569	101.5095574	10.14266238	4.53E-08	1029.577169	6.42E-10
	482.081284	87.7259998	11.68920988	4.06E-08	1025.447623	7.43E-10
	482.8342476	133.8552168	8.767276445	5.35E-08	1173.545689	4.87E-10
	483.7774062	106.2208818	10.19230091	4.83E-08	1082.635191	6.14E-10
	484.78824	107.5513664	9.945842586	4.63E-08	1069.68896	6.06E-10
	485.7170897	143.2358052	8.22947471	5.33E-08	1178.755437	4.55E-10
	486.7056186	112.3834654	9.877666564	4.87E-08	1110.086399	5.80E-10
	487.8278766	107.2810114	10.14479988	4.64E-08	1088.344391	6.08E-10
	488.8361126	132.300322	9.407200275	5.07E-08	1244.575625	4.93E-10
	489.732155	120.7182536	10.1123695	4.87E-08	1220.747586	5.40E-10
	491.0992896	91.0522766	13.07135615	4.34E-08	1190.176736	7.16E-10
	493.2619824	144.2776262	7.736888373	5.50E-08	1116.259889	4.52E-10
	497.7101958	141.4067032	9.069947659	5.60E-08	1282.551397	4.61E-10
	501.3010016	125.311561	10.11267175	5.11E-08	1267.234683	5.20E-10
	503.367991	158.938212	8.535903743	5.83E-08	1356.681279	4.10E-10
	504.4985249	128.653786	9.484913469	5.21E-08	1220.270028	5.07E-10
	505.77632	114.9934436	10.44541017	4.87E-08	1201.153686	5.67E-10
	506.8840313	144.6041538	8.94414948	5.62E-08	1293.361167	4.51E-10
	508.7574801	145.4224178	9.26136599	5.41E-08	1346.810234	4.48E-10
	510.2385861	148.1841004	8.878193864	5.69E-08	1315.607171	4.40E-10
	511.1032051	155.773732	6.811067459	6.11E-08	1060.985397	4.19E-10
	512.5269409	126.9351126	9.118875802	5.26E-08	1157.505527	5.14E-10
	513.6076229	184.3603122	7.701940091	6.48E-08	1419.93208	3.54E-10
	514.6756793	173.1697314	6.323889554	6.33E-08	1095.106255	3.77E-10
	516.3749945	112.9209704	10.89734327	4.89E-08	1230.538577	5.78E-10
	517.3811723	189.272396	7.620863764	6.53E-08	1442.419144	3.45E-10
	519.539608	122.1601764	10.70471044	5.00E-08	1307.689316	5.34E-10
	520.5588394	184.8377642	7.893442237	6.13E-08	1459.006215	3.53E-10
	523.1961838	119.0171304	10.97030375	4.88E-08	1305.654072	5.48E-10
	524.2373568	179.615465	7.93503346	6.23E-08	1425.254725	3.63E-10
	525.5031864	151.0517066	9.478064506	5.57E-08	1431.677819	4.32E-10
	526.3319079	163.8688802	8.696821221	5.83E-08	1425.138355	3.98E-10
	526.7803654	98.6999256	12.98332044	4.49E-08	1281.452761	6.61E-10
	527.8382492	169.676946	8.34781961	5.72E-08	1416.432537	3.84E-10
	530.1374421	128.1397434	10.0890278	4.71E-08	1292.805434	5.09E-10
	531.393771	162.6175466	8.799396612	5.47E-08	1430.936289	4.01E-10
	533.8740368	123.051161	10.62320024	4.69E-08	1307.197123	5.30E-10
	535.0591469	174.1860818	8.650574624	5.67E-08	1506.809699	3.74E-10
	536.3588325	144.7997194	9.838434552	5.15E-08	1424.602563	4.50E-10
	538.8791167	150.0581778	10.52247736	5.89E-08	1578.983779	4.35E-10
	542.531881	130.3008834	10.22438604	4.78E-08	1332.246533	5.01E-10
	543.5352857	127.641886	10.59458847	4.68E-08	1352.313253	5.11E-10
	545.7701123	132.8949122	10.12276843	4.83E-08	1345.264422	4.91E-10
	546.8670583	140.7703882	9.87583657	4.90E-08	1390.225348	4.63E-10
	548.2497063	118.2790778	11.60558757	4.61E-08	1372.698195	5.51E-10
	549.5297267	167.5468338	8.736603686	5.40E-08	1463.790286	3.89E-10
	550.5088196	165.6106638	9.115377328	5.43E-08	1509.60369	3.94E-10
	551.951626	114.1380134	11.65748715	4.54E-08	1330.562424	5.71E-10
	553.6103757	113.4634452	11.05349575	4.60E-08	1254.16771	5.75E-10
	555.1075136	118.1572766	10.31214182	4.36E-08	1218.454594	5.52E-10
	556.4503947	148.1079154	9.90987437	5.06E-08	1467.730835	4.40E-10
	557.6084694	146.05986	9.83201775	5.08E-08	1436.063136	4.47E-10
	559.08444	104.2309344	11.9658247	4.28E-08	1247.20909	6.26E-10
	560.6602072	99.6451066	11.78886826	4.25E-08	1174.703034	6.55E-10
	562.2169197	97.9624342	11.98650229	4.19E-08	1174.226942	6.66E-10
	563.298234	175.428767	8.4446415	5.73E-08	1481.433046	3.72E-10
	564.4763426	146.1512414	8.878869027	5.42E-08	1297.65773	4.46E-10
	565.8201587	101.0368516	12.31414077	4.19E-08	1244.182014	6.46E-10
	566.9831782	151.3848802	9.235475856	5.28E-08	1398.111406	4.31E-10
	568.0300967	139.9569228	9.723302177	5.20E-08	1360.843452	4.66E-10
	570.6928161	103.2053862	13.56956261	4.02E-08	1400.45195	6.32E-10
	572.6042687	120.9962192	10.64576174	4.25E-08	1288.09692	5.39E-10
	574.036019	172.5361406	8.456704366	5.19E-08	1459.087133	3.78E-10
	575.34475	157.4246072	9.181756397	4.99E-08	1445.434394	4.14E-10
	580.7528262	259.370518	6.109639178	6.51E-08	1504.660278	2.51E-10
	582.6792334	267.702056	5.904922745	6.45E-08	1580.759959	2.44E-10
	584.2568653	192.0796668	8.448164	6.41E-08	1622.720526	3.40E-10
	585.0909647	203.00079	8.392898053	6.00E-08	1703.764935	3.21E-10
	588.6408371	242.676414	6.653637107	6.39E-08	1614.680793	2.69E-10
	592.5740955	266.59168	6.011543501	6.52E-08	1602.627481	2.45E-10
	598.530471	228.216614	7.527880544	5.94E-08	1717.987408	2.86E-10
	599.7467205	206.73809	7.850073535	5.91E-08	1622.909209	3.15E-10
	601.0042854	214.298936	7.713170103	6.03E-08	1652.924146	3.04E-10
	602.7173679	203.052134	8.285779421	5.64E-08	1682.445193	3.21E-10
	605.3457995	135.583322	11.25596336	4.28E-08	1526.120905	4.81E-10
	606.5986084	187.3576784	7.792098837	5.28E-08	1459.909548	3.48E-10
	610.1339829	221.995938	6.738427729	5.84E-08	1495.903584	2.94E-10
	614.1124218	215.591558	7.131290198	5.81E-08	1537.445964	3.03E-10
	616.5007749	159.9158032	9.659940873	4.97E-08	1544.777204	4.08E-10
	617.9834135	202.555204	7.273252162	5.48E-08	1473.235075	3.22E-10
	621.8852175	134.2778782	11.08289295	4.55E-08	1488.18735	4.86E-10
	623.1186462	139.1245212	10.64716392	4.57E-08	1481.281582	4.69E-10
	624.0055299	147.4048226	9.716788695	4.32E-08	1432.301514	4.42E-10
	
	624.1365006	13.99832686	4.74653472	4.48E-08	66.44354446	3.20E-09 第三阶段 20150419-20150801
	624.2101974	22.345454	4.001883929	5.05E-08	89.42391325	2.26E-09
	624.3186693	23.1966824	5.111029116	4.81E-08	118.5589191	2.08E-09
	624.4728308	21.4549896	6.355343542	4.39E-08	136.3538296	2.05E-09
	624.665975	33.6978852	5.784234133	4.87E-08	194.9164578	1.44E-09
	624.8536417	40.4416606	5.815419854	5.01E-08	235.185236	1.24E-09
	625.0851127	57.750838	4.643840214	5.55E-08	268.1856639	9.60E-10
	625.2970351	60.2529136	4.181034627	5.58E-08	251.9195182	9.26E-10
	625.7440635	52.9637334	6.176130329	4.74E-08	327.1109202	8.96E-10
	626.4206948	57.1365846	6.424805043	4.75E-08	367.0914169	8.31E-10
	626.7760572	69.0760858	5.904017648	5.10E-08	407.8264297	7.38E-10
	627.3364385	78.9165224	6.051577479	5.19E-08	477.5694497	6.58E-10
	627.7452476	72.9757478	6.477869168	5.12E-08	472.7273467	7.02E-10
	627.9651186	145.687099	3.747865457	6.81E-08	546.0156459	4.68E-10
	628.8280134	73.492261	7.305516675	4.86E-08	536.8989382	6.62E-10
	629.7703458	131.143035	4.736500182	6.36E-08	621.1590091	4.85E-10
	631.2785789	131.6332974	4.758607895	6.05E-08	626.3912483	4.60E-10
	632.3459763	144.6054034	4.624610344	6.10E-08	668.7436443	4.22E-10
	633.7787653	68.218825	7.960753923	4.52E-08	543.0732788	6.63E-10
	634.969089	92.8072388	7.672659901	4.85E-08	712.0783797	5.23E-10
	636.2677664	92.4747088	7.640639608	5.11E-08	706.5659228	5.53E-10
	637.3458774	111.2513678	6.940198981	5.21E-08	772.1066294	4.69E-10
	638.7569605	94.3798888	8.545695992	4.68E-08	806.5418374	4.96E-10
	639.8801115	109.303033	7.432052124	5.03E-08	812.3458386	4.60E-10
	641.3155071	114.4027236	7.36334854	5.17E-08	842.3871278	4.52E-10
	642.3169843	139.887878	5.764691025	5.54E-08	806.4103949	3.96E-10
	643.9439064	117.7799868	7.156149474	5.52E-08	842.8511905	4.68E-10
	645.1940825	103.8733788	8.060738269	4.63E-08	837.2961196	4.46E-10
	646.6917028	100.2085116	8.650689186	4.75E-08	866.8726877	4.74E-10
	649.3816692	103.9875528	8.51346826	4.84E-08	885.2947302	4.65E-10
	650.5088937	118.5533646	7.654130498	4.93E-08	907.4229237	4.16E-10
	652.8925057	67.5013718	11.95646914	3.71E-08	807.0780691	5.50E-10
	654.6472239	78.1707776	11.05333349	3.91E-08	864.0476739	5.01E-10
	657.247958	113.4952966	8.286873923	4.86E-08	940.5212138	4.29E-10
	658.5357693	106.1698568	8.958051511	4.44E-08	951.0750461	4.18E-10
	661.5483009	101.5465468	10.07130493	4.37E-08	1022.706237	4.30E-10
	663.0452162	124.4905876	8.58216045	4.77E-08	1068.398197	3.83E-10
	667.4144146	104.9148524	10.69983191	4.40E-08	1122.571285	4.20E-10
	670.4397367	106.8083044	9.764869548	4.40E-08	1042.969159	4.12E-10
	672.2296686	119.3430692	10.16186916	4.45E-08	1212.748654	3.73E-10
	675.0884731	110.442794	11.06832506	4.52E-08	1222.416744	4.09E-10
	676.2170464	150.0751116	6.97874575	4.99E-08	1047.336047	3.33E-10
	680.5493691	115.1567146	9.918765542	4.37E-08	1142.212453	3.80E-10
	682.146888	76.4977774	13.00853246	3.86E-08	995.1238207	5.04E-10
	686.4318003	93.6972214	12.57012333	4.10E-08	1177.785629	4.37E-10
	688.3550511	155.3071864	7.575005412	4.90E-08	1176.452777	3.16E-10
	691.1991393	154.4228388	7.839181351	4.98E-08	1210.548638	3.22E-10
	694.2085809	145.4120588	8.281575554	4.74E-08	1204.240951	3.26E-10
	695.8908656	107.987329	9.235778688	4.34E-08	997.3470717	4.02E-10
	698.5749015	133.1170382	7.813015564	5.65E-08	1040.045491	4.25E-10
	700.2462613	95.977793	12.7943618	3.96E-08	1227.974609	4.12E-10
	702.9360367	120.8171994	9.840517502	4.33E-08	1188.903765	3.58E-10
	704.4634453	119.4302568	9.608623151	4.94E-08	1147.56033	4.13E-10
	707.5036735	99.8807952	11.62900158	3.89E-08	1161.513925	3.89E-10
	708.7649766	106.1465	11.32124654	4.05E-08	1201.710696	3.82E-10
	711.5776912	114.842258	10.46989385	4.12E-08	1202.386251	3.59E-10
	714.4510664	129.9754	9.153956469	4.10E-08	1189.789154	3.15E-10
	717.9718274	145.2938688	7.884947059	4.52E-08	1145.634463	3.11E-10
	719.407523	132.2994742	8.306081916	4.79E-08	1098.89027	3.62E-10
	722.8413839	121.6890138	9.452385219	4.17E-08	1150.251435	3.43E-10
	723.6849696	148.602714	7.799928812	4.74E-08	1159.09059	3.19E-10
	726.6313502	149.2728026	7.907378369	4.66E-08	1180.35653	3.12E-10
	727.8048533	142.680637	8.120884532	4.72E-08	1158.692978	3.31E-10
	732.3346544	147.099718	7.938792501	4.81E-08	1167.794138	3.27E-10
	736.6998558	110.487476	10.73594779	3.69E-08	1186.187773	3.34E-10
	739.5854433	116.6417832	9.970301223	3.92E-08	1162.953714	3.36E-10
	745.9664258	140.1021704	8.316297907	4.17E-08	1165.131386	2.98E-10
	749.0759418	108.2085096	11.66015308	3.66E-08	1261.727786	3.38E-10
	752.6162377	149.0882088	7.894038252	4.13E-08	1176.908023	2.77E-10
	754.3904756	164.727576	7.920320334	4.09E-08	1304.69517	2.48E-10
	757.719473	133.2210406	12.59560468	4.01E-08	1677.999563	3.01E-10
	761.3358422	118.1531262	12.95023132	3.83E-08	1530.110315	3.24E-10
	762.9551473	127.388674	12.01729697	3.91E-08	1530.867525	3.07E-10
	765.9029656	136.4070982	11.34151614	4.25E-08	1547.063306	3.11E-10
	768.649668	107.6945996	14.08007688	3.77E-08	1516.348242	3.50E-10
	771.2493768	149.2213934	10.41971868	4.63E-08	1554.84494	3.11E-10
	772.7373196	133.9925358	10.87664943	4.11E-08	1457.389838	3.06E-10
	775.8442594	126.113461	11.84549803	3.98E-08	1493.876754	3.16E-10
	777.366957	151.2873838	9.570898729	4.48E-08	1447.956229	2.96E-10
	781.139758	125.2396208	12.59706885	4.08E-08	1577.652126	3.25E-10
	783.7385342	105.5971036	14.72731244	3.54E-08	1555.161538	3.36E-10
	786.6979985	129.609589	12.16752235	3.91E-08	1577.027571	3.02E-10
	788.0711482	119.7214108	13.42133939	3.75E-08	1606.821686	3.13E-10
	791.2623398	119.556247	13.58798547	4.09E-08	1624.528547	3.42E-10
	792.9806747	145.0387114	10.48354677	4.23E-08	1520.520114	2.91E-10
	801.4903968	129.2231638	13.4885304	4.41E-08	1743.030573	3.41E-10
	802.8123299	134.4481138	13.02938035	4.03E-08	1751.775613	3.00E-10
	806.0603878	131.5313396	13.4843521	4.08E-08	1773.614895	3.11E-10
	807.9867054	114.9824306	14.85020468	3.81E-08	1707.512629	3.32E-10
	814.1377775	122.931229	13.5038793	3.93E-08	1660.048479	3.19E-10
	815.6573069	112.5578588	14.35710934	3.68E-08	1616.005485	3.27E-10
	818.7513954	102.7388358	15.85393667	3.51E-08	1628.814996	3.42E-10
	827.6496942	104.7913448	15.82962923	3.48E-08	1658.808134	3.32E-10
	830.611899	111.3920814	14.55528765	3.59E-08	1621.343786	3.22E-10
	832.7098311	111.9457324	14.27415058	3.48E-08	1597.930241	3.11E-10
	837.1023973	112.9289588	14.48790897	3.60E-08	1636.104475	3.19E-10
	838.867389	116.5186432	14.60467144	3.69E-08	1701.7165	3.17E-10
	841.7997179	130.7499658	12.77828502	4.11E-08	1670.760329	3.14E-10
	843.4199998	122.9458536	14.08914591	3.78E-08	1732.20207	3.07E-10
	846.5535704	143.2589576	12.17018057	4.01E-08	1743.487383	2.80E-10
	847.8489328	140.8937674	12.34495859	3.96E-08	1739.327724	2.81E-10
	851.2172654	125.671863	13.48387322	3.75E-08	1694.543467	2.98E-10
	852.9996289	129.3536474	13.16436381	3.85E-08	1702.858475	2.98E-10
	856.1252378	135.5705792	12.55934126	4.20E-08	1702.677169	3.10E-10
	857.4182551	134.4267494	12.75217532	3.91E-08	1714.233476	2.91E-10
	860.6068969	137.848592	12.01659834	4.01E-08	1656.471162	2.91E-10
	862.3584814	141.6992902	11.74315275	4.29E-08	1663.996409	3.03E-10
	865.9208253	121.8572504	13.94776359	3.71E-08	1699.63612	3.04E-10
	867.3720566	128.1676434	13.0339258	3.83E-08	1670.527554	2.99E-10
	870.7453545	114.3575928	15.05585734	3.61E-08	1721.751603	3.15E-10
	873.8373418	105.7738678	14.61762159	3.46E-08	1546.162374	3.27E-10
	877.6126085	160.9855658	11.8863561	4.22E-08	1913.531763	2.62E-10
	879.3325927	126.4813758	14.54713635	4.00E-08	1839.94182	3.16E-10
	885.7453386	123.0776444	15.03887896	3.67E-08	1850.949796	2.98E-10
	887.0191965	173.8700314	10.44950025	4.15E-08	1816.854936	2.39E-10
	890.5005818	146.4166362	12.25644194	4.16E-08	1794.547001	2.84E-10
	891.9768225	134.5935606	13.31754617	3.81E-08	1792.455957	2.83E-10
	898.4209505	126.147185	14.1578566	3.68E-08	1785.973755	2.92E-10
	901.3287339	144.4796736	12.09379727	4.05E-08	1747.307882	2.80E-10
	904.6925434	136.1814598	13.33896071	3.80E-08	1816.519142	2.79E-10
	
	907.2793202	42.8588094	2.372903289	9.80E-08	101.6998098	2.29E-09 第四阶段 20150901-20160122
	907.5884691	35.8613938	5.329556334	5.87E-08	191.1253185	1.64E-09
	907.8372562	37.0156158	5.541656539	5.41E-08	205.1278293	1.46E-09
	909.0525406	52.6918846	6.713770949	5.53E-08	353.7612441	1.05E-09
	909.1434862	103.1048042	3.366135635	9.43E-08	347.0647556	9.15E-10
	911.1008487	69.0004048	7.055795862	6.37E-08	486.8527707	9.23E-10
	911.5569521	73.8068602	7.379424309	5.80E-08	544.6521383	7.86E-10
	913.8902577	144.3414666	3.761704679	8.89E-08	542.9699702	6.16E-10
	914.5135302	126.1602582	4.377254917	7.30E-08	552.2356106	5.79E-10
	917.4372023	192.0618118	4.931588746	8.72E-08	947.1698695	4.54E-10
	918.2675411	142.5626124	4.541470313	6.88E-08	647.443872	4.82E-10
	921.8161077	148.2653488	4.468661422	6.68E-08	662.5476444	4.51E-10
	922.8244767	142.6610086	7.108214566	5.99E-08	1014.065059	4.20E-10
	927.2900459	191.9674194	6.16215981	6.03E-08	1182.933917	3.14E-10
	929.4880682	123.4725026	9.437115109	4.60E-08	1165.22422	3.73E-10
	931.3007639	133.2492444	9.12464578	4.66E-08	1215.852156	3.50E-10
	932.9187301	145.541324	8.634189922	4.87E-08	1256.631433	3.35E-10
	935.8368375	151.2384564	8.755927444	5.09E-08	1324.232951	3.37E-10
	937.5667909	230.461536	6.215232248	6.29E-08	1432.37197	2.73E-10
	939.9923856	163.68521	8.361225192	5.27E-08	1368.608901	3.22E-10
	942.0442523	185.6242012	7.558740378	5.66E-08	1403.085145	3.05E-10
	944.2056257	161.8619488	8.739141112	5.05E-08	1414.534411	3.12E-10
	946.4949038	156.1359702	9.38440939	4.93E-08	1465.243865	3.16E-10
	948.3968126	136.5306674	10.20561222	4.43E-08	1393.379048	3.25E-10
	950.5031939	132.8369122	10.36945262	4.42E-08	1377.446067	3.32E-10
	952.1234553	183.4857324	8.230779615	5.28E-08	1510.230626	2.88E-10
	954.4748792	183.7005756	8.291197372	5.19E-08	1523.09773	2.82E-10
	957.7628227	149.5953978	10.03156826	4.49E-08	1500.676444	3.00E-10
	960.0906673	147.2921086	10.31344329	4.57E-08	1519.088809	3.10E-10
	961.9598902	162.615994	8.673989819	4.74E-08	1410.529476	2.92E-10
	970.1673566	214.281606	7.741940219	5.92E-08	1658.955384	2.76E-10
	973.034067	173.6515364	9.22489627	4.65E-08	1601.91741	2.68E-10
	975.281641	168.4919646	9.298072051	4.45E-08	1566.650427	2.64E-10
	977.4652207	182.9504036	8.18922429	5.52E-08	1498.221889	3.02E-10
	979.5566861	191.9529788	8.049188562	4.90E-08	1545.065721	2.56E-10
	981.5372706	247.373216	6.812712276	5.52E-08	1685.282545	2.23E-10
	984.1086089	151.0211968	9.348629879	4.19E-08	1411.841273	2.78E-10
	986.1775559	193.4257664	8.693283256	4.71E-08	1681.504976	2.44E-10
	988.4249979	164.5865576	9.581754022	4.30E-08	1577.02791	2.61E-10
	990.4077473	207.71038	8.291184348	4.87E-08	1722.165052	2.34E-10
	992.9003908	167.2344062	10.20676949	4.32E-08	1706.923035	2.59E-10
	995.3627708	155.4605046	10.53993273	4.42E-08	1638.543261	2.85E-10
	997.4545361	184.1104128	9.239474902	4.55E-08	1701.083538	2.47E-10
	999.5600917	174.4662502	9.615136956	4.52E-08	1677.51689	2.59E-10
	1001.955379	180.3518118	9.845998854	4.58E-08	1775.743732	2.54E-10
	1004.197198	175.9801288	9.630670093	4.50E-08	1694.806563	2.56E-10
	1006.899982	184.8082712	9.697134927	4.34E-08	1792.110741	2.35E-10
	1009.683162	184.228297	10.62295146	4.29E-08	1957.048257	2.33E-10
	1012.156426	155.5844732	11.76391759	4.04E-08	1830.28292	2.59E-10
	1014.639691	230.041958	9.38813619	5.12E-08	2159.665231	2.23E-10
	1016.819176	160.2310892	10.85405376	4.31E-08	1739.156856	2.69E-10
	1019.180289	196.7900172	10.98174595	4.80E-08	2161.097975	2.44E-10
	1022.254461	216.710628	9.937690166	4.97E-08	2153.603077	2.29E-10
	1024.878786	210.521664	9.748243227	4.84E-08	2052.216385	2.30E-10
	1027.371255	207.946926	9.67411954	4.89E-08	2011.70342	2.35E-10
	1030.767575	239.415466	8.859765909	5.66E-08	2121.164984	2.36E-10
	1033.637882	191.7787058	10.66271572	4.60E-08	2044.881822	2.40E-10
	1036.092771	192.0647728	11.04072292	4.88E-08	2120.533939	2.54E-10
	1038.165624	265.56341	7.322778797	5.64E-08	1944.662108	2.12E-10
	1041.53817	187.0250486	10.67984367	4.54E-08	1997.398282	2.43E-10
	1043.155091	263.841156	7.366855621	5.58E-08	1943.679703	2.12E-10
	1046.243846	231.388336	9.678909576	5.22E-08	2239.586781	2.26E-10
	1049.420836	181.4211336	11.53345928	4.31E-08	2092.413257	2.38E-10
	1051.468375	208.70313	10.67437693	4.74E-08	2227.775877	2.27E-10
	1054.035841	244.06406	9.133963859	5.70E-08	2229.272303	2.33E-10
	1056.794728	222.14576	10.13889238	5.00E-08	2252.311953	2.25E-10
	1059.490244	232.982262	9.763873206	5.18E-08	2274.809265	2.23E-10
	1062.004553	197.0600732	11.11375277	4.61E-08	2190.076934	2.34E-10
	1064.768964	214.45048	10.4504158	4.81E-08	2241.096684	2.24E-10
	1066.79301	235.20697	9.337943477	4.96E-08	2196.349391	2.11E-10
	1069.6934	179.0871094	12.07457584	4.36E-08	2162.400884	2.43E-10
	1071.576518	203.394418	11.06508501	4.56E-08	2250.576526	2.24E-10
	1074.325511	178.5586222	12.15955723	4.56E-08	2171.193785	2.55E-10
	1076.361318	196.5119512	11.10812032	4.57E-08	2182.878398	2.33E-10
	1079.379216	210.844958	9.5859425	4.56E-08	2021.147644	2.16E-10
	1081.463413	197.0766742	9.827135308	4.39E-08	1936.699143	2.23E-10
	1083.824403	182.4066702	11.49425785	4.25E-08	2096.629302	2.33E-10
	1086.274817	180.4102712	11.62661335	4.40E-08	2097.560468	2.44E-10
	1088.440955	186.508018	11.22089177	4.36E-08	2092.786284	2.34E-10
	1091.608896	187.4836114	11.43429058	4.39E-08	2143.742091	2.34E-10
	1093.651252	211.683902	10.38948766	4.68E-08	2199.287287	2.21E-10
	1095.99541	198.42741	10.86076671	4.54E-08	2155.073808	2.29E-10
	1098.357819	225.96026	9.442124014	4.80E-08	2133.544797	2.12E-10
	1100.385473	233.585082	8.928082554	5.12E-08	2085.466895	2.19E-10
	1103.326631	200.650278	10.00884403	4.79E-08	2008.277338	2.39E-10
	1107.497724	199.407307	10.85912501	4.58E-08	2165.388875	2.30E-10
	1110.050672	182.778565	11.64004082	4.36E-08	2127.549958	2.39E-10
	1112.531687	208.841082	10.50903688	4.94E-08	2194.718633	2.37E-10
	1114.946603	195.8260136	10.66345842	4.66E-08	2088.182553	2.38E-10
	1120.29717	162.8540074	12.25717266	3.95E-08	1996.129687	2.43E-10
	1122.122647	162.6269282	11.92410708	3.98E-08	1939.180906	2.44E-10
	1124.83925	199.227088	10.59947069	4.48E-08	2111.70168	2.25E-10
	1127.268905	310.13694	7.131908996	6.05E-08	2211.868432	1.95E-10
	1133.068846	277.151588	7.056447586	5.25E-08	1955.705654	1.89E-10
	1138.47756	298.056796	6.983395457	5.31E-08	2081.448475	1.78E-10
	1142.61867	300.46486	7.349539835	5.25E-08	2208.278458	1.75E-10
	1146.159817	180.6872612	12.01274144	4.35E-08	2170.54935	2.41E-10
	1149.012804	179.683799	12.16170548	4.57E-08	2185.261443	2.54E-10
	1151.189532	195.0978658	11.1927366	4.54E-08	2183.679024	2.33E-10
	1153.699815	207.738086	10.59596742	5.06E-08	2201.185992	2.44E-10
	1156.365022	211.862564	10.21455611	5.15E-08	2164.082048	2.43E-10
	1159.152864	196.9709956	11.02366873	4.53E-08	2171.343005	2.30E-10
	1161.41417	191.6486912	12.24787438	4.39E-08	2347.289095	2.29E-10
	1164.071669	235.092382	10.07767229	5.05E-08	2369.183984	2.15E-10
	1166.52347	194.9207556	11.85181971	4.40E-08	2310.165654	2.25E-10
	1169.420181	190.3261546	11.77959527	4.42E-08	2241.965071	2.32E-10
	1171.810694	154.5061534	13.53927349	3.93E-08	2091.901066	2.54E-10
	1174.081585	214.299264	10.65827181	4.65E-08	2284.059804	2.17E-10
	1176.881323	197.3847942	11.63078874	4.46E-08	2295.740841	2.26E-10
	1179.470467	211.92705	10.95248953	4.63E-08	2321.128797	2.18E-10
	1182.179993	198.1510638	11.56265432	4.42E-08	2291.152254	2.23E-10
	1184.676126	176.9887902	12.59294767	4.30E-08	2228.810573	2.43E-10
	1187.255579	200.358386	11.47041075	4.37E-08	2298.192984	2.18E-10
	1189.785441	218.813752	10.90107114	4.58E-08	2385.304278	2.09E-10
	1193.301242	224.717138	10.27602695	4.67E-08	2309.199367	2.08E-10
	1196.876238	229.929086	9.517223592	5.19E-08	2188.286522	2.26E-10
	1202.395995	226.729272	10.07732257	4.85E-08	2284.824011	2.14E-10
	1204.973326	213.783408	11.60516503	4.97E-08	2480.99173	2.32E-10
	1207.651453	201.780582	11.97730547	4.63E-08	2416.787668	2.30E-10
	1210.241937	210.366966	11.29949289	5.04E-08	2377.040036	2.39E-10
	1213.021021	192.4951848	12.21657883	4.50E-08	2351.632599	2.34E-10
	1215.628984	211.778258	11.4137854	5.09E-08	2417.191589	2.40E-10
	1218.23738	211.28187	11.82450371	4.72E-08	2498.303257	2.23E-10
	1220.971874	229.01264	10.8647081	5.25E-08	2488.155484	2.29E-10
	1223.804474	214.798152	11.13603573	4.64E-08	2391.999896	2.16E-10
	1229.059592	225.46197	10.89526972	4.80E-08	2456.468975	2.13E-10
	1231.482057	239.741484	10.58906078	5.44E-08	2538.637145	2.27E-10
	1234.602914	223.9927	10.36999842	5.26E-08	2322.803946	2.35E-10
	1237.219901	150.7198436	14.39734001	3.90E-08	2169.964835	2.59E-10
	1239.733976	218.763292	11.02068641	4.75E-08	2410.921639	2.17E-10
	1242.130237	218.61479	11.01427256	4.72E-08	2407.882882	2.16E-10
	1245.150588	157.2679132	13.55568213	4.10E-08	2131.873841	2.61E-10
	1247.356255	222.903348	10.85970164	4.77E-08	2420.663853	2.14E-10
	1250.30723	220.58643	10.13933775	4.77E-08	2236.600316	2.16E-10
	1253.21807	181.3618714	12.81490173	4.29E-08	2324.13456	2.37E-10
	1255.902756	197.4284166	11.91278388	4.50E-08	2351.922058	2.28E-10
	1258.203367	182.7611078	12.76693228	4.26E-08	2333.298686	2.33E-10
	1261.03228	274.014782	8.93548443	5.24E-08	2448.454818	1.91E-10
	1263.651749	242.64204	9.508272362	4.99E-08	2307.106603	2.06E-10
	1271.662885	257.045774	8.447076451	5.69E-08	2171.285304	2.21E-10
	1274.584505	221.244812	9.94776203	4.75E-08	2200.89074	2.15E-10
	1277.653044	236.016818	11.49829411	4.79E-08	2713.790789	2.03E-10
	1279.456366	187.0627158	13.3764484	4.23E-08	2502.234766	2.26E-10
	1282.018771	204.151882	10.8522625	4.45E-08	2215.509814	2.18E-10
	1283.17188	219.076044	10.58528047	4.62E-08	2318.981369	2.11E-10
	1286.219114	204.044148	11.55551501	5.15E-08	2357.835214	2.52E-10
	1289.38582	288.520904	9.142186766	5.20E-08	2637.71199	1.80E-10
	1294.239647	225.99018	10.67444193	4.79E-08	2412.319053	2.12E-10
	1295.776509	212.588846	12.79398091	4.50E-08	2719.857637	2.12E-10
	1299.490216	224.368882	12.08958852	4.60E-08	2712.527459	2.05E-10
	1302.642481	194.0632162	12.94631636	4.29E-08	2512.40379	2.21E-10
	1303.537251	224.903198	11.95008946	4.74E-08	2687.613336	2.11E-10
	1306.32645	202.361564	13.16399129	4.41E-08	2663.885867	2.18E-10
	1307.367009	258.93717	9.823633179	5.16E-08	2543.703774	1.99E-10
	1310.21289	223.068396	11.69367605	4.71E-08	2608.489559	2.11E-10
	1311.726591	202.915184	12.42897668	4.46E-08	2522.02809	2.20E-10
	1314.241268	230.042822	11.46017063	4.78E-08	2636.329993	2.08E-10
	1315.101897	267.435176	9.761785957	6.54E-08	2610.644945	2.44E-10
	1318.065549	278.873918	9.27981273	5.06E-08	2587.897734	1.81E-10
	1319.442238	292.444412	8.637286604	5.16E-08	2525.926202	1.77E-10
	1322.617139	170.1081098	14.10012592	4.09E-08	2398.545768	2.41E-10
	1325.792767	190.2950224	13.29819833	4.22E-08	2530.58095	2.22E-10
	1329.283065	217.945266	11.27307642	4.39E-08	2456.913639	2.01E-10
	1330.060287	278.678558	9.400826634	4.74E-08	2619.80881	1.70E-10
	1336.199658	274.67716	9.263852172	6.25E-08	2544.568605	2.28E-10
	1338.052452	235.30219	11.52855413	5.70E-08	2712.694034	2.42E-10
	1340.762044	183.6749954	13.26839597	4.92E-08	2437.072568	2.68E-10
	1342.041183	214.496256	12.8288831	4.45E-08	2751.747394	2.07E-10
	1344.831406	214.001042	12.87109994	4.38E-08	2754.4288	2.05E-10
	1345.651499	283.086736	9.646020541	4.94E-08	2730.66047	1.75E-10
	1349.103722	199.920846	13.12351119	4.27E-08	2623.66346	2.14E-10
	1353.514087	259.50673	9.883239895	4.86E-08	2564.767267	1.87E-10
	1356.810913	252.678884	9.168640038	5.17E-08	2316.721733	2.04E-10
	1358.255336	213.242758	11.06420827	5.19E-08	2359.362287	2.44E-10
	1361.063945	190.3125532	12.74277093	4.04E-08	2425.10927	2.12E-10
	1362.217989	231.292494	10.1745561	4.50E-08	2353.298455	1.94E-10
	1366.694177	182.2300206	13.61264961	3.92E-08	2480.633418	2.15E-10
	1368.643643	243.16923	9.891076666	5.27E-08	2405.205497	2.17E-10
	1369.344814	295.7366	8.032612569	4.95E-08	2375.53753	1.67E-10
	1372.420934	227.8271	11.19126453	4.47E-08	2549.673343	1.96E-10
	1375.29515	212.20568	11.28833198	4.24E-08	2395.448164	2.00E-10
	1377.611427	218.575832	11.40681882	4.32E-08	2493.254914	1.98E-10
	1380.123645	251.344624	9.721645177	4.67E-08	2443.483252	1.86E-10
	1382.818658	231.687536	11.16757278	4.42E-08	2587.387421	1.91E-10
	1389.338292	200.62469	12.25408434	4.07E-08	2458.471871	2.03E-10
	1392.73385	185.8630256	13.53548413	3.91E-08	2515.746033	2.10E-10
	1404.789252	190.8708806	12.62970032	4.61E-08	2410.642021	2.41E-10
	1407.026664	237.569144	11.16475334	4.55E-08	2652.400895	1.91E-10
	1409.310363	289.357348	8.616977941	5.46E-08	2493.385885	1.89E-10
	1415.53787	195.4545312	13.51518966	4.18E-08	2641.60506	2.14E-10
	1418.404242	169.6577904	15.12834865	3.81E-08	2566.642204	2.24E-10
	1421.02166	183.5957196	14.27991329	3.94E-08	2621.730956	2.15E-10
	1425.608726	265.208294	9.553820891	4.79E-08	2533.75254	1.81E-10
	1432.054637	181.2940818	14.29380508	4.45E-08	2591.382268	2.45E-10
	1439.578521	229.61665	11.28134655	5.22E-08	2590.385002	2.27E-10
	1448.147233	227.8271	11.19126453	4.47E-08	2549.673343	1.96E-10
	1451.021449	212.20568	11.28833198	4.24E-08	2395.448164	2.00E-10
	1453.337725	218.575832	11.40681882	4.32E-08	2493.254914	1.98E-10
	1455.849944	251.344624	9.721645177	4.67E-08	2443.483252	1.86E-10
	1458.544957	231.687536	11.16757278	4.42E-08	2587.387421	1.91E-10
	1461.345423	248.09511	9.276874776	4.44E-08	2301.547268	1.79E-10
	1465.06459	200.62469	12.25408434	4.07E-08	2458.471871	2.03E-10
	1468.460149	185.8630256	13.53548413	3.91E-08	2515.746033	2.10E-10
	1471.453228	242.460066	9.360040108	4.60E-08	2269.435942	1.90E-10
	1474.703417	195.9096822	12.84294295	4.72E-08	2516.056872	2.41E-10
	1476.577917	262.713096	8.942991256	4.65E-08	2349.44092	1.77E-10
	1480.515551	190.8708806	12.62970032	4.61E-08	2410.642021	2.41E-10
	1482.752963	237.569144	11.16475334	4.55E-08	2652.400895	1.91E-10
	1485.036661	289.357348	8.616977941	5.46E-08	2493.385885	1.89E-10
	1491.264169	195.4545312	13.51518966	4.18E-08	2641.60506	2.14E-10
	1494.130541	169.6577904	15.12834865	3.81E-08	2566.642204	2.24E-10
	1496.747958	183.5957196	14.27991329	3.94E-08	2621.730956	2.15E-10
	1501.335024	265.208294	9.553820891	4.79E-08	2533.75254	1.81E-10
	1507.780936	181.2940818	14.29380508	4.45E-08	2591.382268	2.45E-10
	1510.343314	193.9055704	13.13838965	4.77E-08	2547.606939	2.46E-10
	1513.234094	177.6961804	14.25867673	4.56E-08	2533.712392	2.57E-10
	1515.30482	229.61665	11.28134655	5.22E-08	2590.385002	2.27E-10
